% MATLAB PROGRAM <gold31code.m>
% to generate a table of 4 Gold sequence
% with length 31 each.
GPN=[1 1 1 -1
-1 1 -1 1
-1 -1 1 1
1 1 -1 -1
-1 -1 -1 -1
1 1 1 1
1 1 -1 -1
-1 -1 -1 1
-1 1 -1 -1
1 -1 -1 1
-1 -1 1 1
1 1 -1 1
1 -1 -1 -1
-1 1 1 1
1 -1 1 1
-1 1 1 -1
-1 -1 1 -1
-1 1 1 -1
1 1 1 -1
1 -1 1 1
1 -1 1 -1
1 1 -1 -1
1 1 1 1
1 1 -1 -1
-1 -1 -1 -1
1 1 -1 1
1 -1 -1 -1
-1 1 -1 1
1 1 -1 -1
1 1 1 1
1 1 1 1];